Beginning Message Loop
Message: INPUT|0|32|0|32|0|0|0|0|0|0|0|0|0|0|0|0|1|0|0|4.8|0|4.2|0|-0.49874877929688|0|0.063568115234375|0|0|0|0|0|0|0|0|0|0|0|0|0|0|0|0|0|0|0|0|0|0|0|0|0|0|0|0|0|0|0|0|0|0|0|0|0|0

Message: OUTPUT|0|0|0|0|0|0|0|0|0|0|0|0|0|0|0|0|0|0|0|0|0|0|0|0|0|0|0|0|0|0|0|0|0|0|0|0|0|0|0|0|0|0|0|0|0|0|0|0|0|0|0|0|0|0|0|0|0|0|0|0|0|0|0|0

Message: CLEAR|

Message: RECT|1|0.1|10|15|15

Message: INPUT|0|32|0|32|0|0|0|0|0|0|0|0|0|0|0|0|1|0|0|4.6|0|4.4|0|-0.30670166015625|0|0.37228393554688|0|0|0|0|0|0|0|0|0|0|0|0|0|0|0|0|0|0|0|0|0|0|0|0|0|0|0|0|0|0|0|0|0|0|0|0|0|0

Message: OUTPUT|0|0|0|0|0|0|1|0|0|0|0|0|0|0|0|0|0|0|0|0|0|1|0|0|0|0|0|0|0|0|0|0|0|0|0|0|0|0|0|0|0|0|0|0|0|0|0|0|0|0|0|0|0|0|0|0|0|0|0|0|0|0|0|0

Message: CLEAR|

Message: RECT|1|0.2|10|15|15

Message: INPUT|0|32|0|32|0|0|0|0|0|0|0|0|0|0|0|0|1|0|0|4.4|0|4.6|0|0.084991455078125|0|0.35214233398438|0|0|0|0|0|0|0|0|0|0|0|0|0|0|0|0|0|0|0|0|0|0|0|0|0|0|0|0|0|0|0|0|0|0|0|0|0|0

Message: OUTPUT|0|0|0|0|0|0|1|0|0|0|0|0|0|0|0|0|0|0|0|0|0|2|0|0|0|0|0|0|0|0|0|0|0|0|0|0|0|0|0|0|0|0|0|0|0|0|0|0|0|0|0|0|0|0|0|0|0|0|0|0|0|0|0|0

Message: CLEAR|

Message: RECT|1|0.3|10|15|15

Message: INPUT|0|32|0|32|0|0|0|0|0|0|0|0|0|0|0|0|1|0|0|4.2|0|4.8|0|-0.14971923828125|0|0.74807739257812|0|0|0|0|0|0|0|0|0|0|0|0|0|0|0|0|0|0|0|0|0|0|0|0|0|0|0|0|0|0|0|0|0|0|0|0|0|0

Message: OUTPUT|0|0|0|0|0|0|1|0|0|0|0|0|0|0|0|0|0|0|0|0|0|3|0|0|0|0|0|0|0|0|0|0|0|0|0|0|0|0|0|0|0|0|0|0|0|0|0|0|0|0|0|0|0|0|0|0|0|0|0|0|0|0|0|0

Message: CLEAR|

Message: RECT|1|0.4|10|15|15

Message: INPUT|0|32|0|32|0|0|0|0|0|0|0|0|0|0|0|0|1|0|0|4.0|0|5.0|0|0.32281494140625|0|0.99465942382812|0|0|0|0|0|0|0|0|0|0|0|0|0|0|0|0|0|0|0|0|0|0|0|0|0|0|0|0|0|0|0|0|0|0|0|0|0|0

Message: OUTPUT|0|0|0|0|0|0|1|0|0|0|0|0|0|0|0|0|0|0|0|0|0|4|0|0|0|0|0|0|0|0|0|0|0|0|0|0|0|0|0|0|0|0|0|0|0|0|0|0|0|0|0|0|0|0|0|0|0|0|0|0|0|0|0|0

Message: CLEAR|

Message: RECT|1|0.5|10|15|15

Message: INPUT|0|32|0|32|0|0|0|0|0|0|0|0|0|0|0|0|1|0|0|3.8|0|5.2|0|-0.32589721679688|0|1.3535766601562|0|0|0|0|0|0|0|0|0|0|0|0|0|0|0|0|0|0|0|0|0|0|0|0|0|0|0|0|0|0|0|0|0|0|0|0|0|0

Message: OUTPUT|0|0|0|0|0|0|1|0|0|0|0|0|0|0|0|0|0|0|0|0|0|5|0|0|0|0|0|0|0|0|0|0|0|0|0|0|0|0|0|0|0|0|0|0|0|0|0|0|0|0|0|0|0|0|0|0|0|0|0|0|0|0|0|0

Message: CLEAR|

Message: RECT|1|0.6|10|15|15

Message: INPUT|0|32|0|32|0|0|0|0|0|0|0|0|0|0|0|0|1|0|0|3.6|0|5.4|0|0.21047973632812|0|1.3670959472656|0|0|0|0|0|0|0|0|0|0|0|0|0|0|0|0|0|0|0|0|0|0|0|0|0|0|0|0|0|0|0|0|0|0|0|0|0|0

Message: OUTPUT|0|0|0|0|0|0|1|0|0|0|0|0|0|0|0|0|0|0|0|0|0|6|0|0|0|0|0|0|0|0|0|0|0|0|0|0|0|0|0|0|0|0|0|0|0|0|0|0|0|0|0|0|0|0|0|0|0|0|0|0|0|0|0|0

Message: CLEAR|

Message: RECT|1|0.7|10|15|15

Message: INPUT|0|32|0|32|0|0|0|0|0|0|0|0|0|0|0|0|1|0|0|3.4|0|5.6|0|-0.19601440429688|0|0.882080078125|0|0|0|0|0|0|0|0|0|0|0|0|0|0|0|0|0|0|0|0|0|0|0|0|0|0|0|0|0|0|0|0|0|0|0|0|0|0

Message: OUTPUT|0|0|0|0|0|0|1|0|0|0|0|0|0|0|0|0|0|0|0|0|0|7|0|0|0|0|0|0|0|0|0|0|0|0|0|0|0|0|0|0|0|0|0|0|0|0|0|0|0|0|0|0|0|0|0|0|0|0|0|0|0|0|0|0

Message: CLEAR|

Message: RECT|1|0.8|10|15|15

Message: INPUT|0|32|0|32|0|0|0|0|0|0|0|0|0|0|0|0|1|0|0|3.2|0|5.8|0|-0.40859985351562|0|0.74652099609375|0|0|0|0|0|0|0|0|0|0|0|0|0|0|0|0|0|0|0|0|0|0|0|0|0|0|0|0|0|0|0|0|0|0|0|0|0|0

Message: OUTPUT|0|0|0|0|0|0|1|0|0|0|0|0|0|0|0|0|0|0|0|0|0|8|0|0|0|0|0|0|0|0|0|0|0|0|0|0|0|0|0|0|0|0|0|0|0|0|0|0|0|0|0|0|0|0|0|0|0|0|0|0|0|0|0|0

Message: CLEAR|

Message: RECT|1|0.9|10|15|15

Message: INPUT|0|32|0|32|0|0|0|0|0|0|0|0|0|0|0|0|1|0|0|3.0|0|6.0|0|-0.35269165039062|0|0.41241455078125|0|0|0|0|0|0|0|0|0|0|0|0|0|0|0|0|0|0|0|0|0|0|0|0|0|0|0|0|0|0|0|0|0|0|0|0|0|0

Message: OUTPUT|0|0|0|0|0|0|1|0|0|0|0|0|0|0|0|0|0|0|0|0|0|9|0|0|0|0|0|0|0|0|0|0|0|0|0|0|0|0|0|0|0|0|0|0|0|0|0|0|0|0|0|0|0|0|0|0|0|0|0|0|0|0|0|0

Message: CLEAR|

Message: RECT|1|1.0|10|15|15

Message: INPUT|0|32|0|32|0|0|0|0|0|0|0|0|0|0|0|0|1|0|0|2.8|0|6.2|0|0.48849487304688|0|0.35809326171875|0|0|0|0|0|0|0|0|0|0|0|0|0|0|0|0|0|0|0|0|0|0|0|0|0|0|0|0|0|0|0|0|0|0|0|0|0|0

Message: OUTPUT|0|0|0|0|0|0|1|0|0|0|0|0|0|0|0|0|0|0|0|0|0|10|0|0|0|0|0|0|0|0|0|0|0|0|0|0|0|0|0|0|0|0|0|0|0|0|0|0|0|0|0|0|0|0|0|0|0|0|0|0|0|0|0|0

Message: CLEAR|

Message: RECT|1|1.1|10|15|15

Message: INPUT|0|32|0|32|0|0|0|0|0|0|0|0|0|0|0|0|1|0|0|2.6|0|6.4|0|-0.38092041015625|0|-0.13723754882812|0|0|0|0|0|0|0|0|0|0|0|0|0|0|0|0|0|0|0|0|0|0|0|0|0|0|0|0|0|0|0|0|0|0|0|0|0|0

Message: OUTPUT|0|0|0|0|0|0|1|0|0|0|0|0|0|0|0|0|0|0|0|0|0|11|0|0|0|0|0|0|0|0|0|0|0|0|0|0|0|0|0|0|0|0|0|0|0|0|0|0|0|0|0|0|0|0|0|0|0|0|0|0|0|0|0|0

Message: CLEAR|

Message: RECT|1|1.2|10|15|15

Message: INPUT|0|32|0|32|0|0|0|0|0|0|0|0|0|0|0|0|1|0|0|2.4|0|6.6|0|-0.4910888671875|0|-0.25936889648438|0|0|0|0|0|0|0|0|0|0|0|0|0|0|0|0|0|0|0|0|0|0|0|0|0|0|0|0|0|0|0|0|0|0|0|0|0|0

Message: OUTPUT|0|0|0|0|0|0|1|0|0|0|0|0|0|0|0|0|0|0|0|0|0|12|0|0|0|0|0|0|0|0|0|0|0|0|0|0|0|0|0|0|0|0|0|0|0|0|0|0|0|0|0|0|0|0|0|0|0|0|0|0|0|0|0|0

Message: CLEAR|

Message: RECT|1|1.3|10|15|15

Message: INPUT|0|32|0|32|0|0|0|0|0|0|0|0|0|0|0|0|1|0|0|2.2|0|6.8|0|0.031646728515625|0|-0.18820190429688|0|0|0|0|0|0|0|0|0|0|0|0|0|0|0|0|0|0|0|0|0|0|0|0|0|0|0|0|0|0|0|0|0|0|0|0|0|0

Message: OUTPUT|0|0|0|0|0|0|1|0|0|0|0|0|0|0|0|0|0|0|0|0|0|13|0|0|0|0|0|0|0|0|0|0|0|0|0|0|0|0|0|0|0|0|0|0|0|0|0|0|0|0|0|0|0|0|0|0|0|0|0|0|0|0|0|0

Message: CLEAR|

Message: RECT|1|1.4|10|15|15

Message: INPUT|0|32|0|32|0|0|0|0|0|0|0|0|0|0|0|0|1|0|0|2.0|0|7.0|0|0.10174560546875|0|-0.0810546875|0|0|0|0|0|0|0|0|0|0|0|0|0|0|0|0|0|0|0|0|0|0|0|0|0|0|0|0|0|0|0|0|0|0|0|0|0|0

Message: OUTPUT|0|0|0|0|0|0|1|0|0|0|0|0|0|0|0|0|0|0|0|0|0|14|0|0|0|0|0|0|0|0|0|0|0|0|0|0|0|0|0|0|0|0|0|0|0|0|0|0|0|0|0|0|0|0|0|0|0|0|0|0|0|0|0|0

Message: CLEAR|

Message: RECT|1|1.5|10|15|15

Message: INPUT|0|32|0|32|0|0|0|0|0|0|0|0|0|0|0|0|1|0|0|1.8|0|7.2|0|-0.33377075195312|0|0.08197021484375|0|0|0|0|0|0|0|0|0|0|0|0|0|0|0|0|0|0|0|0|0|0|0|0|0|0|0|0|0|0|0|0|0|0|0|0|0|0

Message: OUTPUT|0|0|0|0|0|0|1|0|0|0|0|0|0|0|0|0|0|0|0|0|0|15|0|0|0|0|0|0|0|0|0|0|0|0|0|0|0|0|0|0|0|0|0|0|0|0|0|0|0|0|0|0|0|0|0|0|0|0|0|0|0|0|0|0

Message: CLEAR|

Message: RECT|1|1.6|10|15|15

Message: INPUT|0|32|0|32|0|0|0|0|0|0|0|0|0|0|0|0|1|0|0|1.6|0|7.4|0|-0.049224853515625|0|-0.06591796875|0|0|0|0|0|0|0|0|0|0|0|0|0|0|0|0|0|0|0|0|0|0|0|0|0|0|0|0|0|0|0|0|0|0|0|0|0|0

Message: OUTPUT|0|0|0|0|0|0|1|0|0|0|0|0|0|0|0|0|0|0|0|0|0|16|0|0|0|0|0|0|0|0|0|0|0|0|0|0|0|0|0|0|0|0|0|0|0|0|0|0|0|0|0|0|0|0|0|0|0|0|0|0|0|0|0|0

Message: CLEAR|

Message: RECT|1|1.7|10|15|15

Message: INPUT|0|32|0|32|0|0|0|0|0|0|0|0|0|0|0|0|1|0|0|1.4|0|7.6|0|-0.44296264648438|0|0.041748046875|0|0|0|0|0|0|0|0|0|0|0|0|0|0|0|0|0|0|0|0|0|0|0|0|0|0|0|0|0|0|0|0|0|0|0|0|0|0

Message: OUTPUT|0|0|0|0|0|0|1|0|0|0|0|0|0|0|0|0|0|0|0|0|0|17|0|0|0|0|0|0|0|0|0|0|0|0|0|0|0|0|0|0|0|0|0|0|0|0|0|0|0|0|0|0|0|0|0|0|0|0|0|0|0|0|0|0

Message: CLEAR|

Message: RECT|1|1.8|10|15|15

Message: INPUT|0|32|0|32|0|0|0|0|0|0|0|0|0|0|0|0|1|0|0|1.2|0|7.8|0|0.28329467773438|0|0.34432983398438|0|0|0|0|0|0|0|0|0|0|0|0|0|0|0|0|0|0|0|0|0|0|0|0|0|0|0|0|0|0|0|0|0|0|0|0|0|0

Message: OUTPUT|0|0|0|0|0|0|1|0|0|0|0|0|0|0|0|0|0|0|0|0|0|18|0|0|0|0|0|0|0|0|0|0|0|0|0|0|0|0|0|0|0|0|0|0|0|0|0|0|0|0|0|0|0|0|0|0|0|0|0|0|0|0|0|0

Message: CLEAR|

Message: RECT|1|1.9|10|15|15

Message: INPUT|0|32|0|32|0|0|0|0|0|0|0|0|0|0|0|0|1|0|0|1.0|0|8.0|0|0.019866943359375|0|0.14627075195312|0|0|0|0|0|0|0|0|0|0|0|0|0|0|0|0|0|0|0|0|0|0|0|0|0|0|0|0|0|0|0|0|0|0|0|0|0|0

Message: OUTPUT|0|0|0|0|0|0|1|0|0|0|0|0|0|0|0|0|0|0|0|0|0|19|0|0|0|0|0|0|0|0|0|0|0|0|0|0|0|0|0|0|0|0|0|0|0|0|0|0|0|0|0|0|0|0|0|0|0|0|0|0|0|0|0|0

Message: CLEAR|

Message: RECT|1|2.0|10|15|15

Message: INPUT|0|32|0|32|0|0|0|0|0|0|0|0|0|0|0|0|1|0|0|0.8|0|8.2|0|0.37594604492188|0|0.3729248046875|0|0|0|0|0|0|0|0|0|0|0|0|0|0|0|0|0|0|0|0|0|0|0|0|0|0|0|0|0|0|0|0|0|0|0|0|0|0

Message: OUTPUT|0|0|0|0|0|0|1|0|0|0|0|0|0|0|0|0|0|0|0|0|0|20|0|0|0|0|0|0|0|0|0|0|0|0|0|0|0|0|0|0|0|0|0|0|0|0|0|0|0|0|0|0|0|0|0|0|0|0|0|0|0|0|0|0

Message: CLEAR|

Message: RECT|1|2.1|10|15|15

Message: INPUT|0|32|0|32|0|0|0|0|0|0|0|0|0|0|0|0|1|0|0|0.6|0|8.4|0|0.45587158203125|0|0.79861450195312|0|0|0|0|0|0|0|0|0|0|0|0|0|0|0|0|0|0|0|0|0|0|0|0|0|0|0|0|0|0|0|0|0|0|0|0|0|0

Message: OUTPUT|0|0|0|0|0|0|1|0|0|0|0|0|0|0|0|0|0|0|0|0|0|21|0|0|0|0|0|0|0|0|0|0|0|0|0|0|0|0|0|0|0|0|0|0|0|0|0|0|0|0|0|0|0|0|0|0|0|0|0|0|0|0|0|0

Message: CLEAR|

Message: RECT|1|2.2|10|15|15

Message: INPUT|0|32|0|32|0|0|0|0|0|0|0|0|0|0|0|0|1|0|0|0.4|0|8.6|0|0.039337158203125|0|0.44094848632812|0|0|0|0|0|0|0|0|0|0|0|0|0|0|0|0|0|0|0|0|0|0|0|0|0|0|0|0|0|0|0|0|0|0|0|0|0|0

Message: OUTPUT|0|0|0|0|0|0|1|0|0|0|0|0|0|0|0|0|0|0|0|0|0|22|0|0|0|0|0|0|0|0|0|0|0|0|0|0|0|0|0|0|0|0|0|0|0|0|0|0|0|0|0|0|0|0|0|0|0|0|0|0|0|0|0|0

Message: CLEAR|

Message: RECT|1|2.3|10|15|15

Message: INPUT|0|32|0|32|0|0|0|0|0|0|0|0|0|0|0|0|1|0|0|0.2|0|8.8|0|-0.037933349609375|0|0.17626953125|0|0|0|0|0|0|0|0|0|0|0|0|0|0|0|0|0|0|0|0|0|0|0|0|0|0|0|0|0|0|0|0|0|0|0|0|0|0

Message: OUTPUT|0|0|0|0|0|0|1|0|0|0|0|0|0|0|0|0|0|0|0|0|0|23|0|0|0|0|0|0|0|0|0|0|0|0|0|0|0|0|0|0|0|0|0|0|0|0|0|0|0|0|0|0|0|0|0|0|0|0|0|0|0|0|0|0

Message: CLEAR|

Message: RECT|1|2.4|10|15|15

Message: INPUT|1|32|0|32|0|20|0|22|0|0|0|0|0|0|0|0|1|0|0|-2.1649348980191e-15|0|9.0|0|0.36221313476562|0|-0.1141357421875|0|0|0|0|0|0|0|0|0|0|0|0|0|0|0|0|0|0|0|0|0|0|0|0|0|0|0|0|0|0|0|0|0|0|0|0|0|0

Message: OUTPUT|0|0|0|0|0|0|1|0|0|0|0|0|0|0|0|0|0|0|0|0|0|24|0|0|0|0|0|0|0|0|0|0|0|0|0|0|0|0|0|0|0|0|0|0|0|0|0|0|0|0|0|0|0|0|0|0|0|0|0|0|0|0|0|0

Message: CLEAR|

Message: RECT|1|2.5|10|15|15

Message: INPUT|1|32|0|32|0|20|0|22|0|0|0|0|0|0|0|0|1|0|0|-0.2|0|9.2|0|0.27963256835938|0|0.2294921875|0|0|0|0|0|0|0|0|0|0|0|0|0|0|0|0|0|0|0|0|0|0|0|0|0|0|0|0|0|0|0|0|0|0|0|0|0|0

Message: OUTPUT|0|0|0|0|0|0|1|0|0|0|0|0|0|0|0|0|0|0|0|0|0|25|0|0|0|0|0|0|0|0|0|0|0|0|0|0|0|0|0|0|0|0|0|0|0|0|0|0|0|0|0|0|0|0|0|0|0|0|0|0|0|0|0|0

Message: CLEAR|

Message: RECT|1|2.6|10|15|15

Message: INPUT|1|32|0|32|0|20|0|22|0|0|0|0|0|0|0|0|1|0|0|-0.4|0|9.4|0|0.49676513671875|0|0.72915649414062|0|0|0|0|0|0|0|0|0|0|0|0|0|0|0|0|0|0|0|0|0|0|0|0|0|0|0|0|0|0|0|0|0|0|0|0|0|0

Message: OUTPUT|0|0|0|0|0|0|1|0|0|0|0|0|0|0|0|0|0|0|0|0|0|26|0|0|0|0|0|0|0|0|0|0|0|0|0|0|0|0|0|0|0|0|0|0|0|0|0|0|0|0|0|0|0|0|0|0|0|0|0|0|0|0|0|0

Message: CLEAR|

Message: RECT|1|2.7|10|15|15

Message: INPUT|1|32|0|32|0|20|0|22|0|0|0|0|0|0|0|0|1|0|0|-0.6|0|9.6|0|0.11148071289062|0|0.62158203125|0|0|0|0|0|0|0|0|0|0|0|0|0|0|0|0|0|0|0|0|0|0|0|0|0|0|0|0|0|0|0|0|0|0|0|0|0|0

Message: OUTPUT|0|0|0|0|0|0|1|0|0|0|0|0|0|0|0|0|0|0|0|0|0|27|0|0|0|0|0|0|0|0|0|0|0|0|0|0|0|0|0|0|0|0|0|0|0|0|0|0|0|0|0|0|0|0|0|0|0|0|0|0|0|0|0|0

Message: CLEAR|

Message: RECT|1|2.8|10|15|15

Message: INPUT|1|32|0|32|0|20|0|22|0|0|0|0|0|0|0|0|1|0|0|-0.8|0|9.8|0|-0.23379516601562|0|0.41885375976562|0|0|0|0|0|0|0|0|0|0|0|0|0|0|0|0|0|0|0|0|0|0|0|0|0|0|0|0|0|0|0|0|0|0|0|0|0|0

Message: OUTPUT|0|0|0|0|0|0|1|0|0|0|0|0|0|0|0|0|0|0|0|0|0|28|0|0|0|0|0|0|0|0|0|0|0|0|0|0|0|0|0|0|0|0|0|0|0|0|0|0|0|0|0|0|0|0|0|0|0|0|0|0|0|0|0|0

Message: CLEAR|

Message: RECT|1|2.9|10|15|15

Message: INPUT|1|32|0|32|0|20|0|22|0|0|0|0|0|0|0|0|1|0|0|-1.0|0|10.0|0|0.34011840820312|0|-0.057403564453125|0|0|0|0|0|0|0|0|0|0|0|0|0|0|0|0|0|0|0|0|0|0|0|0|0|0|0|0|0|0|0|0|0|0|0|0|0|0

Message: OUTPUT|0|0|0|0|0|0|1|0|0|0|0|0|0|0|0|0|0|0|0|0|0|29|0|0|0|0|0|0|0|0|0|0|0|0|0|0|0|0|0|0|0|0|0|0|0|0|0|0|0|0|0|0|0|0|0|0|0|0|0|0|0|0|0|0

Message: CLEAR|

Message: RECT|1|3.0|10|15|15

Message: INPUT|1|32|0|32|0|20|0|22|0|0|0|0|0|0|0|0|1|0|0|-1.2|0|-10|0|-0.1241455078125|0|-0.46478271484375|0|0|0|0|0|0|0|0|0|0|0|0|0|0|0|0|0|0|0|0|0|0|0|0|0|0|0|0|0|0|0|0|0|0|0|0|0|0

Message: OUTPUT|0|0|0|0|0|0|1|0|0|0|0|0|0|0|0|0|0|0|0|0|0|30|0|0|0|0|0|0|0|0|0|0|0|0|0|0|0|0|0|0|0|0|0|0|0|0|0|0|0|0|0|0|0|0|0|0|0|0|0|0|0|0|0|0

Message: CLEAR|

Message: RECT|1|3.1|10|15|15

Message: INPUT|1|32|0|32|0|20|0|22|0|0|0|0|0|0|0|0|1|0|0|-1.4|0|-9.8|0|0.17718505859375|0|-0.9085693359375|0|0|0|0|0|0|0|0|0|0|0|0|0|0|0|0|0|0|0|0|0|0|0|0|0|0|0|0|0|0|0|0|0|0|0|0|0|0

Message: OUTPUT|0|0|0|0|0|0|1|0|0|0|0|0|0|0|0|0|0|0|0|0|0|31|0|0|0|0|0|0|0|0|0|0|0|0|0|0|0|0|0|0|0|0|0|0|0|0|0|0|0|0|0|0|0|0|0|0|0|0|0|0|0|0|0|0

Message: CLEAR|

Message: RECT|1|3.2|10|15|15

Message: INPUT|1|32|0|32|0|20|0|22|0|0|0|0|0|0|0|0|1|0|0|-1.6|0|-9.6|0|-0.4912109375|0|-0.48980712890625|0|0|0|0|0|0|0|0|0|0|0|0|0|0|0|0|0|0|0|0|0|0|0|0|0|0|0|0|0|0|0|0|0|0|0|0|0|0

Message: OUTPUT|0|0|0|0|0|0|1|0|0|0|0|0|0|0|0|0|0|0|0|0|0|32|0|0|0|0|0|0|0|0|0|0|0|0|0|0|0|0|0|0|0|0|0|0|0|0|0|0|0|0|0|0|0|0|0|0|0|0|0|0|0|0|0|0

Message: CLEAR|

Message: RECT|1|3.3|10|15|15

Message: INPUT|1|32|0|32|0|20|0|22|0|0|0|0|0|0|0|0|1|0|0|-1.8|0|-9.4|0|-0.22412109375|0|-0.7169189453125|0|0|0|0|0|0|0|0|0|0|0|0|0|0|0|0|0|0|0|0|0|0|0|0|0|0|0|0|0|0|0|0|0|0|0|0|0|0

Message: OUTPUT|0|0|0|0|0|0|1|0|0|0|0|0|0|0|0|0|0|0|0|0|0|33|0|0|0|0|0|0|0|0|0|0|0|0|0|0|0|0|0|0|0|0|0|0|0|0|0|0|0|0|0|0|0|0|0|0|0|0|0|0|0|0|0|0

Message: CLEAR|

Message: RECT|1|3.4|10|15|15

Message: INPUT|1|32|0|32|0|20|0|22|0|0|0|0|0|0|0|0|1|0|0|-2.0|0|-9.2|0|0.087890625|0|-0.5257568359375|0|0|0|0|0|0|0|0|0|0|0|0|0|0|0|0|0|0|0|0|0|0|0|0|0|0|0|0|0|0|0|0|0|0|0|0|0|0

Message: OUTPUT|0|0|0|0|0|0|1|0|0|0|0|0|0|0|0|0|0|0|0|0|0|34|0|0|0|0|0|0|0|0|0|0|0|0|0|0|0|0|0|0|0|0|0|0|0|0|0|0|0|0|0|0|0|0|0|0|0|0|0|0|0|0|0|0

Message: CLEAR|

Message: RECT|1|3.5|10|15|15

Message: INPUT|1|32|0|32|0|20|0|22|0|0|0|0|0|0|0|0|1|0|0|-2.2|0|-9.0|0|0.33758544921875|0|-0.29928588867188|0|0|0|0|0|0|0|0|0|0|0|0|0|0|0|0|0|0|0|0|0|0|0|0|0|0|0|0|0|0|0|0|0|0|0|0|0|0

Message: OUTPUT|0|0|0|0|0|0|1|0|0|0|0|0|0|0|0|0|0|0|0|0|0|35|0|0|0|0|0|0|0|0|0|0|0|0|0|0|0|0|0|0|0|0|0|0|0|0|0|0|0|0|0|0|0|0|0|0|0|0|0|0|0|0|0|0

Message: CLEAR|

Message: RECT|1|3.6|10|15|15

Message: INPUT|1|32|0|32|0|20|0|22|0|0|0|0|0|0|0|0|1|0|0|-2.4|0|-8.8|0|-0.01507568359375|0|-0.59393310546875|0|0|0|0|0|0|0|0|0|0|0|0|0|0|0|0|0|0|0|0|0|0|0|0|0|0|0|0|0|0|0|0|0|0|0|0|0|0

Message: OUTPUT|0|0|0|0|0|0|1|0|0|0|0|0|0|0|0|0|0|0|0|0|0|36|0|0|0|0|0|0|0|0|0|0|0|0|0|0|0|0|0|0|0|0|0|0|0|0|0|0|0|0|0|0|0|0|0|0|0|0|0|0|0|0|0|0

Message: CLEAR|

Message: RECT|1|3.7|10|15|15

Message: INPUT|0|32|0|32|0|20|0|22|0|0|0|0|0|0|0|0|1|0|0|-2.6|0|-8.6|0|0.24371337890625|0|-0.62548828125|0|0|0|0|0|0|0|0|0|0|0|0|0|0|0|0|0|0|0|0|0|0|0|0|0|0|0|0|0|0|0|0|0|0|0|0|0|0

Message: OUTPUT|0|0|0|0|0|0|1|0|0|0|0|0|0|0|0|0|0|0|0|0|0|37|0|0|0|0|0|0|0|0|0|0|0|0|0|0|0|0|0|0|0|0|0|0|0|0|0|0|0|0|0|0|0|0|0|0|0|0|0|0|0|0|0|0

Message: CLEAR|

Message: RECT|1|3.8|10|15|15

Message: INPUT|0|32|0|32|0|20|0|22|0|0|0|0|0|0|0|0|1|0|0|-2.8|0|-8.4|0|-0.04205322265625|0|-0.17636108398438|0|0|0|0|0|0|0|0|0|0|0|0|0|0|0|0|0|0|0|0|0|0|0|0|0|0|0|0|0|0|0|0|0|0|0|0|0|0

Message: OUTPUT|0|0|0|0|0|0|1|0|0|0|0|0|0|0|0|0|0|0|0|0|0|38|0|0|0|0|0|0|0|0|0|0|0|0|0|0|0|0|0|0|0|0|0|0|0|0|0|0|0|0|0|0|0|0|0|0|0|0|0|0|0|0|0|0

Message: CLEAR|

Message: RECT|1|3.9|10|15|15

Message: INPUT|0|32|0|32|0|20|0|22|0|0|0|0|0|0|0|0|1|0|0|-3.0|0|-8.2|0|0.24441528320312|0|-0.56808471679688|0|0|0|0|0|0|0|0|0|0|0|0|0|0|0|0|0|0|0|0|0|0|0|0|0|0|0|0|0|0|0|0|0|0|0|0|0|0

Message: OUTPUT|0|0|0|0|0|0|1|0|0|0|0|0|0|0|0|0|0|0|0|0|0|39|0|0|0|0|0|0|0|0|0|0|0|0|0|0|0|0|0|0|0|0|0|0|0|0|0|0|0|0|0|0|0|0|0|0|0|0|0|0|0|0|0|0

Message: CLEAR|

Message: RECT|1|4.0|10|15|15

Message: INPUT|0|32|0|32|0|20|0|22|0|0|0|0|0|0|0|0|1|0|0|-3.2|0|-8.0|0|0.099029541015625|0|-0.682861328125|0|0|0|0|0|0|0|0|0|0|0|0|0|0|0|0|0|0|0|0|0|0|0|0|0|0|0|0|0|0|0|0|0|0|0|0|0|0

Message: OUTPUT|0|0|0|0|0|0|1|0|0|0|0|0|0|0|0|0|0|0|0|0|0|40|0|0|0|0|0|0|0|0|0|0|0|0|0|0|0|0|0|0|0|0|0|0|0|0|0|0|0|0|0|0|0|0|0|0|0|0|0|0|0|0|0|0

Message: CLEAR|

Message: RECT|1|4.1|10|15|15

Message: INPUT|0|32|0|32|0|20|0|22|0|0|0|0|0|0|0|0|1|0|0|-3.4|0|-7.8|0|0.2349853515625|0|-0.57391357421875|0|0|0|0|0|0|0|0|0|0|0|0|0|0|0|0|0|0|0|0|0|0|0|0|0|0|0|0|0|0|0|0|0|0|0|0|0|0

Message: OUTPUT|0|0|0|0|0|0|1|0|0|0|0|0|0|0|0|0|0|0|0|0|0|41|0|0|0|0|0|0|0|0|0|0|0|0|0|0|0|0|0|0|0|0|0|0|0|0|0|0|0|0|0|0|0|0|0|0|0|0|0|0|0|0|0|0

Message: CLEAR|

Message: RECT|1|4.2|10|15|15

Message: INPUT|0|32|0|32|0|20|0|22|0|0|0|0|0|0|0|0|1|0|0|-3.6|0|-7.6|0|0.0723876953125|0|-0.71258544921875|0|0|0|0|0|0|0|0|0|0|0|0|0|0|0|0|0|0|0|0|0|0|0|0|0|0|0|0|0|0|0|0|0|0|0|0|0|0

Message: OUTPUT|0|0|0|0|0|0|1|0|0|0|0|0|0|0|0|0|0|0|0|0|0|42|0|0|0|0|0|0|0|0|0|0|0|0|0|0|0|0|0|0|0|0|0|0|0|0|0|0|0|0|0|0|0|0|0|0|0|0|0|0|0|0|0|0

Message: CLEAR|

Message: RECT|1|4.3|10|15|15

Message: INPUT|0|32|0|32|0|20|0|22|0|0|0|0|0|0|0|0|1|0|0|-3.8|0|-7.4|0|-0.34844970703125|0|-0.98748779296875|0|0|0|0|0|0|0|0|0|0|0|0|0|0|0|0|0|0|0|0|0|0|0|0|0|0|0|0|0|0|0|0|0|0|0|0|0|0

Message: OUTPUT|0|0|0|0|0|0|1|0|0|0|0|0|0|0|0|0|0|0|0|0|0|43|0|0|0|0|0|0|0|0|0|0|0|0|0|0|0|0|0|0|0|0|0|0|0|0|0|0|0|0|0|0|0|0|0|0|0|0|0|0|0|0|0|0

Message: CLEAR|

Message: RECT|1|4.4|10|15|15

Message: INPUT|0|32|0|32|0|20|0|22|0|0|0|0|0|0|0|0|1|0|0|-4.0|0|-7.2|0|-0.074859619140625|0|-0.68463134765625|0|0|0|0|0|0|0|0|0|0|0|0|0|0|0|0|0|0|0|0|0|0|0|0|0|0|0|0|0|0|0|0|0|0|0|0|0|0

Message: OUTPUT|0|0|0|0|0|0|1|0|0|0|0|0|0|0|0|0|0|0|0|0|0|44|0|0|0|0|0|0|0|0|0|0|0|0|0|0|0|0|0|0|0|0|0|0|0|0|0|0|0|0|0|0|0|0|0|0|0|0|0|0|0|0|0|0

Message: CLEAR|

Message: RECT|1|4.5|10|15|15

Message: INPUT|0|32|0|32|0|20|0|22|0|0|0|0|0|0|0|0|1|0|0|-4.2|0|-7.0|0|0.01708984375|0|-0.19467163085938|0|0|0|0|0|0|0|0|0|0|0|0|0|0|0|0|0|0|0|0|0|0|0|0|0|0|0|0|0|0|0|0|0|0|0|0|0|0

Message: OUTPUT|0|0|0|0|0|0|1|0|0|0|0|0|0|0|0|0|0|0|0|0|0|45|0|0|0|0|0|0|0|0|0|0|0|0|0|0|0|0|0|0|0|0|0|0|0|0|0|0|0|0|0|0|0|0|0|0|0|0|0|0|0|0|0|0

Message: CLEAR|

Message: RECT|1|4.6|10|15|15

Message: INPUT|0|32|0|32|0|20|0|22|0|0|0|0|0|0|0|0|1|0|0|-4.4|0|-6.8|0|0.25152587890625|0|-0.34912109375|0|0|0|0|0|0|0|0|0|0|0|0|0|0|0|0|0|0|0|0|0|0|0|0|0|0|0|0|0|0|0|0|0|0|0|0|0|0

Message: OUTPUT|0|0|0|0|0|0|1|0|0|0|0|0|0|0|0|0|0|0|0|0|0|46|0|0|0|0|0|0|0|0|0|0|0|0|0|0|0|0|0|0|0|0|0|0|0|0|0|0|0|0|0|0|0|0|0|0|0|0|0|0|0|0|0|0

Message: CLEAR|

Message: RECT|1|4.7|10|15|15

Message: INPUT|0|32|0|32|0|20|0|22|0|0|0|0|0|0|0|0|1|0|0|-4.6|0|-6.6|0|-0.33102416992188|0|-0.19183349609375|0|0|0|0|0|0|0|0|0|0|0|0|0|0|0|0|0|0|0|0|0|0|0|0|0|0|0|0|0|0|0|0|0|0|0|0|0|0

Message: OUTPUT|0|0|0|0|0|0|1|0|0|0|0|0|0|0|0|0|0|0|0|0|0|47|0|0|0|0|0|0|0|0|0|0|0|0|0|0|0|0|0|0|0|0|0|0|0|0|0|0|0|0|0|0|0|0|0|0|0|0|0|0|0|0|0|0

Message: CLEAR|

Message: RECT|1|4.8|10|15|15

Message: INPUT|0|32|0|32|0|20|0|22|0|0|0|0|0|0|0|0|1|0|0|-4.8|0|-6.4|0|-0.00811767578125|0|-0.6282958984375|0|0|0|0|0|0|0|0|0|0|0|0|0|0|0|0|0|0|0|0|0|0|0|0|0|0|0|0|0|0|0|0|0|0|0|0|0|0

Message: OUTPUT|0|0|0|0|0|0|1|0|0|0|0|0|0|0|0|0|0|0|0|0|0|48|0|0|0|0|0|0|0|0|0|0|0|0|0|0|0|0|0|0|0|0|0|0|0|0|0|0|0|0|0|0|0|0|0|0|0|0|0|0|0|0|0|0

Message: CLEAR|

Message: RECT|1|4.9|10|15|15

Message: INPUT|0|32|0|32|0|20|0|22|0|0|0|0|0|0|0|0|1|0|0|-5.0|0|-6.2|0|0.19973754882812|0|-0.62350463867188|0|0|0|0|0|0|0|0|0|0|0|0|0|0|0|0|0|0|0|0|0|0|0|0|0|0|0|0|0|0|0|0|0|0|0|0|0|0

Message: OUTPUT|0|0|0|0|0|0|1|0|0|0|0|0|0|0|0|0|0|0|0|0|0|49|0|0|0|0|0|0|0|0|0|0|0|0|0|0|0|0|0|0|0|0|0|0|0|0|0|0|0|0|0|0|0|0|0|0|0|0|0|0|0|0|0|0

Message: CLEAR|

Message: RECT|1|5.0|10|15|15

Message: INPUT|0|32|0|32|0|20|0|22|0|0|0|0|0|0|0|0|1|0|0|-5.2|0|-6.0|0|-0.35250854492188|0|-0.1739501953125|0|0|0|0|0|0|0|0|0|0|0|0|0|0|0|0|0|0|0|0|0|0|0|0|0|0|0|0|0|0|0|0|0|0|0|0|0|0

Message: OUTPUT|0|0|0|0|0|0|1|0|0|0|0|0|0|0|0|0|0|0|0|0|0|50|0|0|0|0|0|0|0|0|0|0|0|0|0|0|0|0|0|0|0|0|0|0|0|0|0|0|0|0|0|0|0|0|0|0|0|0|0|0|0|0|0|0

Message: CLEAR|

Message: RECT|1|5.1|10|15|15

Message: INPUT|0|32|0|32|0|20|0|22|0|0|0|0|0|0|0|0|1|0|0|-5.4|0|-5.8|0|-0.35842895507812|0|0.23114013671875|0|0|0|0|0|0|0|0|0|0|0|0|0|0|0|0|0|0|0|0|0|0|0|0|0|0|0|0|0|0|0|0|0|0|0|0|0|0

Message: OUTPUT|0|0|0|0|0|0|1|0|0|0|0|0|0|0|0|0|0|0|0|0|0|51|0|0|0|0|0|0|0|0|0|0|0|0|0|0|0|0|0|0|0|0|0|0|0|0|0|0|0|0|0|0|0|0|0|0|0|0|0|0|0|0|0|0

Message: CLEAR|

Message: RECT|1|5.2|10|15|15

Message: INPUT|0|32|0|32|0|20|0|22|0|0|0|0|0|0|0|0|1|0|0|-5.6|0|-5.6|0|0.19287109375|0|0.0341796875|0|0|0|0|0|0|0|0|0|0|0|0|0|0|0|0|0|0|0|0|0|0|0|0|0|0|0|0|0|0|0|0|0|0|0|0|0|0

Message: OUTPUT|0|0|0|0|0|0|1|0|0|0|0|0|0|0|0|0|0|0|0|0|0|52|0|0|0|0|0|0|0|0|0|0|0|0|0|0|0|0|0|0|0|0|0|0|0|0|0|0|0|0|0|0|0|0|0|0|0|0|0|0|0|0|0|0

Message: CLEAR|

Message: RECT|1|5.3|10|15|15

Message: INPUT|0|32|0|32|0|20|0|22|0|0|0|0|0|0|0|0|1|0|0|-5.8|0|-5.4|0|-0.073455810546875|0|-0.39544677734375|0|0|0|0|0|0|0|0|0|0|0|0|0|0|0|0|0|0|0|0|0|0|0|0|0|0|0|0|0|0|0|0|0|0|0|0|0|0

Message: OUTPUT|0|0|0|0|0|0|1|0|0|0|0|0|0|0|0|0|0|0|0|0|0|53|0|0|0|0|0|0|0|0|0|0|0|0|0|0|0|0|0|0|0|0|0|0|0|0|0|0|0|0|0|0|0|0|0|0|0|0|0|0|0|0|0|0

Message: CLEAR|

Message: RECT|1|5.4|10|15|15

Message: INPUT|0|32|0|32|0|20|0|22|0|0|0|0|0|0|0|0|1|0|0|-6.0|0|-5.2|0|0.46658325195312|0|-0.2122802734375|0|0|0|0|0|0|0|0|0|0|0|0|0|0|0|0|0|0|0|0|0|0|0|0|0|0|0|0|0|0|0|0|0|0|0|0|0|0

Message: OUTPUT|0|0|0|0|0|0|1|0|0|0|0|0|0|0|0|0|0|0|0|0|0|54|0|0|0|0|0|0|0|0|0|0|0|0|0|0|0|0|0|0|0|0|0|0|0|0|0|0|0|0|0|0|0|0|0|0|0|0|0|0|0|0|0|0

Message: CLEAR|

Message: RECT|1|5.5|10|15|15

Message: INPUT|0|32|0|32|0|20|0|22|0|0|0|0|0|0|0|0|1|0|0|-6.2|0|-5.0|0|-0.34677124023438|0|0.16494750976562|0|0|0|0|0|0|0|0|0|0|0|0|0|0|0|0|0|0|0|0|0|0|0|0|0|0|0|0|0|0|0|0|0|0|0|0|0|0

Message: OUTPUT|0|0|0|0|0|0|1|0|0|0|0|0|0|0|0|0|0|0|0|0|0|55|0|0|0|0|0|0|0|0|0|0|0|0|0|0|0|0|0|0|0|0|0|0|0|0|0|0|0|0|0|0|0|0|0|0|0|0|0|0|0|0|0|0

Message: CLEAR|

Message: RECT|1|5.6|10|15|15

Message: INPUT|0|32|0|32|0|20|0|22|0|0|0|0|0|0|0|0|1|0|0|-6.4|0|-4.8|0|0.3216552734375|0|0.24697875976562|0|0|0|0|0|0|0|0|0|0|0|0|0|0|0|0|0|0|0|0|0|0|0|0|0|0|0|0|0|0|0|0|0|0|0|0|0|0

Message: OUTPUT|0|0|0|0|0|0|1|0|0|0|0|0|0|0|0|0|0|0|0|0|0|56|0|0|0|0|0|0|0|0|0|0|0|0|0|0|0|0|0|0|0|0|0|0|0|0|0|0|0|0|0|0|0|0|0|0|0|0|0|0|0|0|0|0

Message: CLEAR|

Message: RECT|1|5.7|10|15|15

Message: INPUT|0|32|0|32|0|20|0|22|0|0|0|0|0|0|0|0|1|0|0|-6.6|0|-4.6|0|-0.30865478515625|0|-0.07513427734375|0|0|0|0|0|0|0|0|0|0|0|0|0|0|0|0|0|0|0|0|0|0|0|0|0|0|0|0|0|0|0|0|0|0|0|0|0|0

Message: OUTPUT|0|0|0|0|0|0|1|0|0|0|0|0|0|0|0|0|0|0|0|0|0|57|0|0|0|0|0|0|0|0|0|0|0|0|0|0|0|0|0|0|0|0|0|0|0|0|0|0|0|0|0|0|0|0|0|0|0|0|0|0|0|0|0|0

Message: CLEAR|

Message: RECT|1|5.8|10|15|15

Message: INPUT|0|32|0|32|0|20|0|22|0|0|0|0|0|0|0|0|1|0|0|-6.8|0|-4.4|0|0.31716918945312|0|-0.099884033203125|0|0|0|0|0|0|0|0|0|0|0|0|0|0|0|0|0|0|0|0|0|0|0|0|0|0|0|0|0|0|0|0|0|0|0|0|0|0

Message: OUTPUT|0|0|0|0|0|0|1|0|0|0|0|0|0|0|0|0|0|0|0|0|0|58|0|0|0|0|0|0|0|0|0|0|0|0|0|0|0|0|0|0|0|0|0|0|0|0|0|0|0|0|0|0|0|0|0|0|0|0|0|0|0|0|0|0

Message: CLEAR|

Message: RECT|1|5.9|10|15|15

Message: INPUT|0|32|0|32|0|20|0|22|0|0|0|0|0|0|0|0|1|0|0|-7.0|0|-4.2|0|-0.34445190429688|0|-0.095977783203125|0|0|0|0|0|0|0|0|0|0|0|0|0|0|0|0|0|0|0|0|0|0|0|0|0|0|0|0|0|0|0|0|0|0|0|0|0|0

Message: OUTPUT|0|0|0|0|0|0|1|0|0|0|0|0|0|0|0|0|0|0|0|0|0|59|0|0|0|0|0|0|0|0|0|0|0|0|0|0|0|0|0|0|0|0|0|0|0|0|0|0|0|0|0|0|0|0|0|0|0|0|0|0|0|0|0|0

Message: CLEAR|

Message: RECT|1|6.0|10|15|15

Message: INPUT|0|32|0|32|0|20|0|22|0|0|0|0|0|0|0|0|1|0|0|-7.2|0|-4.0|0|0.23199462890625|0|-0.19039916992188|0|0|0|0|0|0|0|0|0|0|0|0|0|0|0|0|0|0|0|0|0|0|0|0|0|0|0|0|0|0|0|0|0|0|0|0|0|0

Message: OUTPUT|0|0|0|0|0|0|1|0|0|0|0|0|0|0|0|0|0|0|0|0|0|60|0|0|0|0|0|0|0|0|0|0|0|0|0|0|0|0|0|0|0|0|0|0|0|0|0|0|0|0|0|0|0|0|0|0|0|0|0|0|0|0|0|0

Message: CLEAR|

Message: RECT|1|6.1|10|15|15

Message: INPUT|0|32|0|32|0|20|0|22|0|0|0|0|0|0|0|0|1|0|0|-7.4|0|-3.8|0|-0.22042846679688|0|-0.12167358398438|0|0|0|0|0|0|0|0|0|0|0|0|0|0|0|0|0|0|0|0|0|0|0|0|0|0|0|0|0|0|0|0|0|0|0|0|0|0

Message: OUTPUT|0|0|0|0|0|0|1|0|0|0|0|0|0|0|0|0|0|0|0|0|0|61|0|0|0|0|0|0|0|0|0|0|0|0|0|0|0|0|0|0|0|0|0|0|0|0|0|0|0|0|0|0|0|0|0|0|0|0|0|0|0|0|0|0

Message: CLEAR|

Message: RECT|1|6.2|10|15|15

Message: INPUT|0|32|0|32|0|20|0|22|0|0|0|0|0|0|0|0|1|0|0|-7.6|0|-3.6|0|0.18222045898438|0|0.1341552734375|0|0|0|0|0|0|0|0|0|0|0|0|0|0|0|0|0|0|0|0|0|0|0|0|0|0|0|0|0|0|0|0|0|0|0|0|0|0

Message: OUTPUT|0|0|0|0|0|0|1|0|0|0|0|0|0|0|0|0|0|0|0|0|0|62|0|0|0|0|0|0|0|0|0|0|0|0|0|0|0|0|0|0|0|0|0|0|0|0|0|0|0|0|0|0|0|0|0|0|0|0|0|0|0|0|0|0

Message: CLEAR|

Message: RECT|1|6.3|10|15|15

Message: INPUT|0|32|0|32|0|20|0|22|0|0|0|0|0|0|0|0|1|0|0|-7.8|0|-3.4|0|0.22189331054688|0|0.10943603515625|0|0|0|0|0|0|0|0|0|0|0|0|0|0|0|0|0|0|0|0|0|0|0|0|0|0|0|0|0|0|0|0|0|0|0|0|0|0

Message: OUTPUT|0|0|0|0|0|0|1|0|0|0|0|0|0|0|0|0|0|0|0|0|0|63|0|0|0|0|0|0|0|0|0|0|0|0|0|0|0|0|0|0|0|0|0|0|0|0|0|0|0|0|0|0|0|0|0|0|0|0|0|0|0|0|0|0

Message: CLEAR|

Message: RECT|1|6.4|10|15|15

Message: INPUT|0|32|0|32|0|20|0|22|0|0|0|0|0|0|0|0|1|0|0|-8.0|0|-3.2|0|-0.37698364257812|0|-0.02276611328125|0|0|0|0|0|0|0|0|0|0|0|0|0|0|0|0|0|0|0|0|0|0|0|0|0|0|0|0|0|0|0|0|0|0|0|0|0|0

Message: OUTPUT|0|0|0|0|0|0|1|0|0|0|0|0|0|0|0|0|0|0|0|0|0|64|0|0|0|0|0|0|0|0|0|0|0|0|0|0|0|0|0|0|0|0|0|0|0|0|0|0|0|0|0|0|0|0|0|0|0|0|0|0|0|0|0|0

Message: CLEAR|

Message: RECT|1|6.5|10|15|15

Message: INPUT|0|32|0|32|0|20|0|22|0|0|0|0|0|0|0|0|1|0|0|-8.2|0|-3.0|0|0.33465576171875|0|-0.4876708984375|0|0|0|0|0|0|0|0|0|0|0|0|0|0|0|0|0|0|0|0|0|0|0|0|0|0|0|0|0|0|0|0|0|0|0|0|0|0

Message: OUTPUT|0|0|0|0|0|0|1|0|0|0|0|0|0|0|0|0|0|0|0|0|0|65|0|0|0|0|0|0|0|0|0|0|0|0|0|0|0|0|0|0|0|0|0|0|0|0|0|0|0|0|0|0|0|0|0|0|0|0|0|0|0|0|0|0

Message: CLEAR|

Message: RECT|1|6.6|10|15|15

Message: INPUT|0|32|0|32|0|20|0|22|0|0|0|0|0|0|0|0|1|0|0|-8.4|0|-2.8|0|0.016998291015625|0|-0.32470703125|0|0|0|0|0|0|0|0|0|0|0|0|0|0|0|0|0|0|0|0|0|0|0|0|0|0|0|0|0|0|0|0|0|0|0|0|0|0

Message: OUTPUT|0|0|0|0|0|0|1|0|0|0|0|0|0|0|0|0|0|0|0|0|0|66|0|0|0|0|0|0|0|0|0|0|0|0|0|0|0|0|0|0|0|0|0|0|0|0|0|0|0|0|0|0|0|0|0|0|0|0|0|0|0|0|0|0

Message: CLEAR|

Message: RECT|1|6.7|10|15|15

Message: INPUT|0|32|0|32|0|20|0|22|0|0|0|0|0|0|0|0|1|0|0|-8.6|0|-2.6|0|-0.07379150390625|0|-0.72003173828125|0|0|0|0|0|0|0|0|0|0|0|0|0|0|0|0|0|0|0|0|0|0|0|0|0|0|0|0|0|0|0|0|0|0|0|0|0|0

Message: OUTPUT|0|0|0|0|0|0|1|0|0|0|0|0|0|0|0|0|0|0|0|0|0|67|0|0|0|0|0|0|0|0|0|0|0|0|0|0|0|0|0|0|0|0|0|0|0|0|0|0|0|0|0|0|0|0|0|0|0|0|0|0|0|0|0|0

Message: CLEAR|

Message: RECT|1|6.8|10|15|15

Message: INPUT|0|32|0|32|0|20|0|22|0|0|0|0|0|0|0|0|1|0|0|-8.8|0|-2.4|0|0.44931030273438|0|-0.29867553710938|0|0|0|0|0|0|0|0|0|0|0|0|0|0|0|0|0|0|0|0|0|0|0|0|0|0|0|0|0|0|0|0|0|0|0|0|0|0

Message: OUTPUT|0|0|0|0|0|0|1|0|0|0|0|0|0|0|0|0|0|0|0|0|0|68|0|0|0|0|0|0|0|0|0|0|0|0|0|0|0|0|0|0|0|0|0|0|0|0|0|0|0|0|0|0|0|0|0|0|0|0|0|0|0|0|0|0

Message: CLEAR|

Message: RECT|1|6.9|10|15|15

Message: INPUT|0|32|0|32|0|20|0|22|0|0|0|0|0|0|0|0|1|0|0|-9.0|0|-2.2|0|0.049530029296875|0|-0.45269775390625|0|0|0|0|0|0|0|0|0|0|0|0|0|0|0|0|0|0|0|0|0|0|0|0|0|0|0|0|0|0|0|0|0|0|0|0|0|0

Message: OUTPUT|0|0|0|0|0|0|1|0|0|0|0|0|0|0|0|0|0|0|0|0|0|69|0|0|0|0|0|0|0|0|0|0|0|0|0|0|0|0|0|0|0|0|0|0|0|0|0|0|0|0|0|0|0|0|0|0|0|0|0|0|0|0|0|0

Message: CLEAR|

Message: RECT|1|7.0|10|15|15

Message: INPUT|0|32|0|32|0|20|0|22|0|0|0|0|0|0|0|0|1|0|0|-9.2|0|-2.0|0|-0.028289794921875|0|-0.57772827148438|0|0|0|0|0|0|0|0|0|0|0|0|0|0|0|0|0|0|0|0|0|0|0|0|0|0|0|0|0|0|0|0|0|0|0|0|0|0

Message: OUTPUT|0|0|0|0|0|0|1|0|0|0|0|0|0|0|0|0|0|0|0|0|0|70|0|0|0|0|0|0|0|0|0|0|0|0|0|0|0|0|0|0|0|0|0|0|0|0|0|0|0|0|0|0|0|0|0|0|0|0|0|0|0|0|0|0

Message: CLEAR|

Message: RECT|1|7.1|10|15|15

Message: INPUT|0|32|0|32|0|20|0|22|0|0|0|0|0|0|0|0|1|0|0|-9.4|0|-1.8|0|0.34695434570312|0|-0.7608642578125|0|0|0|0|0|0|0|0|0|0|0|0|0|0|0|0|0|0|0|0|0|0|0|0|0|0|0|0|0|0|0|0|0|0|0|0|0|0

Message: OUTPUT|0|0|0|0|0|0|1|0|0|0|0|0|0|0|0|0|0|0|0|0|0|71|0|0|0|0|0|0|0|0|0|0|0|0|0|0|0|0|0|0|0|0|0|0|0|0|0|0|0|0|0|0|0|0|0|0|0|0|0|0|0|0|0|0

Message: CLEAR|

Message: RECT|1|7.2|10|15|15

Message: INPUT|0|32|0|32|0|20|0|22|0|0|0|0|0|0|0|0|1|0|0|-9.6|0|-1.6|0|-0.043914794921875|0|-0.98898315429688|0|0|0|0|0|0|0|0|0|0|0|0|0|0|0|0|0|0|0|0|0|0|0|0|0|0|0|0|0|0|0|0|0|0|0|0|0|0

Message: OUTPUT|0|0|0|0|0|0|1|0|0|0|0|0|0|0|0|0|0|0|0|0|0|72|0|0|0|0|0|0|0|0|0|0|0|0|0|0|0|0|0|0|0|0|0|0|0|0|0|0|0|0|0|0|0|0|0|0|0|0|0|0|0|0|0|0

Message: CLEAR|

Message: RECT|1|7.3|10|15|15

Message: INPUT|0|32|0|32|0|20|0|22|0|0|0|0|0|0|0|0|1|0|0|-9.8|0|-1.4|0|0.48294067382812|0|-1.1911926269531|0|0|0|0|0|0|0|0|0|0|0|0|0|0|0|0|0|0|0|0|0|0|0|0|0|0|0|0|0|0|0|0|0|0|0|0|0|0

Message: OUTPUT|0|0|0|0|0|0|1|0|0|0|0|0|0|0|0|0|0|0|0|0|0|73|0|0|0|0|0|0|0|0|0|0|0|0|0|0|0|0|0|0|0|0|0|0|0|0|0|0|0|0|0|0|0|0|0|0|0|0|0|0|0|0|0|0

Message: CLEAR|

Message: RECT|1|7.4|10|15|15

Message: INPUT|0|32|0|32|0|20|0|22|0|0|0|0|0|0|0|0|1|0|0|-10.0|0|-1.2|0|0.23916625976562|0|-1.1239318847656|0|0|0|0|0|0|0|0|0|0|0|0|0|0|0|0|0|0|0|0|0|0|0|0|0|0|0|0|0|0|0|0|0|0|0|0|0|0

Message: OUTPUT|0|0|0|0|0|0|1|0|0|0|0|0|0|0|0|0|0|0|0|0|0|74|0|0|0|0|0|0|0|0|0|0|0|0|0|0|0|0|0|0|0|0|0|0|0|0|0|0|0|0|0|0|0|0|0|0|0|0|0|0|0|0|0|0

Message: CLEAR|

Message: RECT|1|7.5|10|15|15

Message: INPUT|0|32|0|32|0|20|0|22|0|0|0|0|0|0|0|0|1|0|0|-9.8|0|-1.0|0|-0.30401611328125|0|-0.86264038085938|0|0|0|0|0|0|0|0|0|0|0|0|0|0|0|0|0|0|0|0|0|0|0|0|0|0|0|0|0|0|0|0|0|0|0|0|0|0

Message: OUTPUT|0|0|0|0|0|0|1|0|0|0|0|0|0|0|0|0|0|0|0|0|0|75|0|0|0|0|0|0|0|0|0|0|0|0|0|0|0|0|0|0|0|0|0|0|0|0|0|0|0|0|0|0|0|0|0|0|0|0|0|0|0|0|0|0

Message: CLEAR|

Message: RECT|1|7.6|10|15|15

Message: INPUT|0|32|0|32|0|20|0|22|0|0|0|0|0|0|0|0|1|0|0|-9.6|0|-0.8|0|0.33941650390625|0|-0.96499633789062|0|0|0|0|0|0|0|0|0|0|0|0|0|0|0|0|0|0|0|0|0|0|0|0|0|0|0|0|0|0|0|0|0|0|0|0|0|0

Message: OUTPUT|0|0|0|0|0|0|1|0|0|0|0|0|0|0|0|0|0|0|0|0|0|76|0|0|0|0|0|0|0|0|0|0|0|0|0|0|0|0|0|0|0|0|0|0|0|0|0|0|0|0|0|0|0|0|0|0|0|0|0|0|0|0|0|0

Message: CLEAR|

Message: RECT|1|7.7|10|15|15

Message: INPUT|0|32|0|32|0|20|0|22|0|0|0|0|0|0|0|0|1|0|0|-9.4|0|-0.6|0|0.000885009765625|0|-0.57485961914062|0|0|0|0|0|0|0|0|0|0|0|0|0|0|0|0|0|0|0|0|0|0|0|0|0|0|0|0|0|0|0|0|0|0|0|0|0|0

Message: OUTPUT|0|0|0|0|0|0|1|0|0|0|0|0|0|0|0|0|0|0|0|0|0|77|0|0|0|0|0|0|0|0|0|0|0|0|0|0|0|0|0|0|0|0|0|0|0|0|0|0|0|0|0|0|0|0|0|0|0|0|0|0|0|0|0|0

Message: CLEAR|

Message: RECT|1|7.8|10|15|15

Message: INPUT|0|32|0|32|0|20|0|22|0|0|0|0|0|0|0|0|1|0|0|-9.2|0|-0.4|0|-0.4725341796875|0|-0.08026123046875|0|0|0|0|0|0|0|0|0|0|0|0|0|0|0|0|0|0|0|0|0|0|0|0|0|0|0|0|0|0|0|0|0|0|0|0|0|0

Message: OUTPUT|0|0|0|0|0|0|1|0|0|0|0|0|0|0|0|0|0|0|0|0|0|78|0|0|0|0|0|0|0|0|0|0|0|0|0|0|0|0|0|0|0|0|0|0|0|0|0|0|0|0|0|0|0|0|0|0|0|0|0|0|0|0|0|0

Message: CLEAR|

Message: RECT|1|7.9|10|15|15

Message: INPUT|0|32|0|32|0|20|0|22|0|0|0|0|0|0|0|0|1|0|0|-9.0|0|-0.2|0|0.07257080078125|0|-0.52975463867188|0|0|0|0|0|0|0|0|0|0|0|0|0|0|0|0|0|0|0|0|0|0|0|0|0|0|0|0|0|0|0|0|0|0|0|0|0|0

Message: OUTPUT|0|0|0|0|0|0|1|0|0|0|0|0|0|0|0|0|0|0|0|0|0|79|0|0|0|0|0|0|0|0|0|0|0|0|0|0|0|0|0|0|0|0|0|0|0|0|0|0|0|0|0|0|0|0|0|0|0|0|0|0|0|0|0|0

Message: CLEAR|

Message: RECT|1|8.0|10|15|15

Message: INPUT|0|32|0|32|0|20|0|22|0|0|0|0|0|0|0|0|1|0|0|-8.8|0|-2.0539125955565e-15|0|0.03131103515625|0|-0.835693359375|0|0|0|0|0|0|0|0|0|0|0|0|0|0|0|0|0|0|0|0|0|0|0|0|0|0|0|0|0|0|0|0|0|0|0|0|0|0

Message: OUTPUT|0|0|0|0|0|0|1|0|0|0|0|0|0|0|0|0|0|0|0|0|0|80|0|0|0|0|0|0|0|0|0|0|0|0|0|0|0|0|0|0|0|0|0|0|0|0|0|0|0|0|0|0|0|0|0|0|0|0|0|0|0|0|0|0

Message: CLEAR|

Message: RECT|1|8.1|10|15|15

Message: INPUT|0|32|0|32|0|20|0|22|0|0|0|0|0|0|0|0|1|0|0|-8.6|0|0.2|0|0.343017578125|0|-0.70895385742188|0|0|0|0|0|0|0|0|0|0|0|0|0|0|0|0|0|0|0|0|0|0|0|0|0|0|0|0|0|0|0|0|0|0|0|0|0|0

Message: OUTPUT|0|0|0|0|0|0|1|0|0|0|0|0|0|0|0|0|0|0|0|0|0|81|0|0|0|0|0|0|0|0|0|0|0|0|0|0|0|0|0|0|0|0|0|0|0|0|0|0|0|0|0|0|0|0|0|0|0|0|0|0|0|0|0|0

Message: CLEAR|

Message: RECT|1|8.2|10|15|15

Message: INPUT|0|32|0|32|0|20|0|22|0|0|0|0|0|0|0|0|1|0|0|-8.4|0|0.4|0|0.1575927734375|0|-1.0111083984375|0|0|0|0|0|0|0|0|0|0|0|0|0|0|0|0|0|0|0|0|0|0|0|0|0|0|0|0|0|0|0|0|0|0|0|0|0|0

Message: OUTPUT|0|0|0|0|0|0|1|0|0|0|0|0|0|0|0|0|0|0|0|0|0|82|0|0|0|0|0|0|0|0|0|0|0|0|0|0|0|0|0|0|0|0|0|0|0|0|0|0|0|0|0|0|0|0|0|0|0|0|0|0|0|0|0|0

Message: CLEAR|

Message: RECT|1|8.3|10|15|15

Message: INPUT|0|32|0|32|0|20|0|22|0|0|0|0|0|0|0|0|1|0|0|-8.2|0|0.6|0|0.34213256835938|0|-1.3877868652344|0|0|0|0|0|0|0|0|0|0|0|0|0|0|0|0|0|0|0|0|0|0|0|0|0|0|0|0|0|0|0|0|0|0|0|0|0|0

Message: OUTPUT|0|0|0|0|0|0|1|0|0|0|0|0|0|0|0|0|0|0|0|0|0|83|0|0|0|0|0|0|0|0|0|0|0|0|0|0|0|0|0|0|0|0|0|0|0|0|0|0|0|0|0|0|0|0|0|0|0|0|0|0|0|0|0|0

Message: CLEAR|

Message: RECT|1|8.4|10|15|15

Message: INPUT|0|32|0|32|0|20|0|22|0|0|0|0|0|0|0|0|1|0|0|-8.0|0|0.8|0|-0.39007568359375|0|-1.1446838378906|0|0|0|0|0|0|0|0|0|0|0|0|0|0|0|0|0|0|0|0|0|0|0|0|0|0|0|0|0|0|0|0|0|0|0|0|0|0

Message: OUTPUT|0|0|0|0|0|0|1|0|0|0|0|0|0|0|0|0|0|0|0|0|0|84|0|0|0|0|0|0|0|0|0|0|0|0|0|0|0|0|0|0|0|0|0|0|0|0|0|0|0|0|0|0|0|0|0|0|0|0|0|0|0|0|0|0

Message: CLEAR|

Message: RECT|1|8.5|10|15|15

Message: INPUT|0|32|0|32|0|20|0|22|0|0|0|0|0|0|0|0|1|0|0|-7.8|0|1.0|0|-0.18594360351562|0|-0.70364379882812|0|0|0|0|0|0|0|0|0|0|0|0|0|0|0|0|0|0|0|0|0|0|0|0|0|0|0|0|0|0|0|0|0|0|0|0|0|0

Message: OUTPUT|0|0|0|0|0|0|1|0|0|0|0|0|0|0|0|0|0|0|0|0|0|85|0|0|0|0|0|0|0|0|0|0|0|0|0|0|0|0|0|0|0|0|0|0|0|0|0|0|0|0|0|0|0|0|0|0|0|0|0|0|0|0|0|0

Message: CLEAR|

Message: RECT|1|8.6|10|15|15

Message: INPUT|0|32|0|32|0|20|0|22|0|0|0|0|0|0|0|0|1|0|0|-7.6|0|1.2|0|-0.21392822265625|0|-0.86734008789062|0|0|0|0|0|0|0|0|0|0|0|0|0|0|0|0|0|0|0|0|0|0|0|0|0|0|0|0|0|0|0|0|0|0|0|0|0|0

Message: OUTPUT|0|0|0|0|0|0|1|0|0|0|0|0|0|0|0|0|0|0|0|0|0|86|0|0|0|0|0|0|0|0|0|0|0|0|0|0|0|0|0|0|0|0|0|0|0|0|0|0|0|0|0|0|0|0|0|0|0|0|0|0|0|0|0|0

Message: CLEAR|

Message: RECT|1|8.7|10|15|15

Message: INPUT|0|32|0|32|0|20|0|22|0|0|0|0|0|0|0|0|1|0|0|-7.4|0|1.4|0|-0.3597412109375|0|-0.63427734375|0|0|0|0|0|0|0|0|0|0|0|0|0|0|0|0|0|0|0|0|0|0|0|0|0|0|0|0|0|0|0|0|0|0|0|0|0|0

Message: OUTPUT|0|0|0|0|0|0|1|0|0|0|0|0|0|0|0|0|0|0|0|0|0|87|0|0|0|0|0|0|0|0|0|0|0|0|0|0|0|0|0|0|0|0|0|0|0|0|0|0|0|0|0|0|0|0|0|0|0|0|0|0|0|0|0|0

Message: CLEAR|

Message: RECT|1|8.8|10|15|15

Message: INPUT|0|32|0|32|0|20|0|22|0|0|0|0|0|0|0|0|1|0|0|-7.2|0|1.6|0|0.3345947265625|0|-0.42630004882812|0|0|0|0|0|0|0|0|0|0|0|0|0|0|0|0|0|0|0|0|0|0|0|0|0|0|0|0|0|0|0|0|0|0|0|0|0|0

Message: OUTPUT|0|0|0|0|0|0|1|0|0|0|0|0|0|0|0|0|0|0|0|0|0|88|0|0|0|0|0|0|0|0|0|0|0|0|0|0|0|0|0|0|0|0|0|0|0|0|0|0|0|0|0|0|0|0|0|0|0|0|0|0|0|0|0|0

Message: CLEAR|

Message: RECT|1|8.9|10|15|15

Message: INPUT|0|32|0|32|0|20|0|22|0|0|0|0|0|0|0|0|1|0|0|-7.0|0|1.8|0|0.1002197265625|0|-0.17910766601562|0|0|0|0|0|0|0|0|0|0|0|0|0|0|0|0|0|0|0|0|0|0|0|0|0|0|0|0|0|0|0|0|0|0|0|0|0|0

Message: OUTPUT|0|0|0|0|0|0|1|0|0|0|0|0|0|0|0|0|0|0|0|0|0|89|0|0|0|0|0|0|0|0|0|0|0|0|0|0|0|0|0|0|0|0|0|0|0|0|0|0|0|0|0|0|0|0|0|0|0|0|0|0|0|0|0|0

Message: CLEAR|

Message: RECT|1|9.0|10|15|15

Message: INPUT|0|32|0|32|0|20|0|22|0|0|0|0|0|0|0|0|1|0|0|-6.8|0|2.0|0|-0.24728393554688|0|-0.53463745117188|0|0|0|0|0|0|0|0|0|0|0|0|0|0|0|0|0|0|0|0|0|0|0|0|0|0|0|0|0|0|0|0|0|0|0|0|0|0

Message: OUTPUT|0|0|0|0|0|0|1|0|0|0|0|0|0|0|0|0|0|0|0|0|0|90|0|0|0|0|0|0|0|0|0|0|0|0|0|0|0|0|0|0|0|0|0|0|0|0|0|0|0|0|0|0|0|0|0|0|0|0|0|0|0|0|0|0

Message: CLEAR|

Message: RECT|1|9.1|10|15|15

Message: INPUT|0|32|0|32|0|20|0|22|0|0|0|0|0|0|0|0|1|0|0|-6.6|0|2.2|0|-0.49838256835938|0|-0.9736328125|0|0|0|0|0|0|0|0|0|0|0|0|0|0|0|0|0|0|0|0|0|0|0|0|0|0|0|0|0|0|0|0|0|0|0|0|0|0

Message: OUTPUT|0|0|0|0|0|0|1|0|0|0|0|0|0|0|0|0|0|0|0|0|0|91|0|0|0|0|0|0|0|0|0|0|0|0|0|0|0|0|0|0|0|0|0|0|0|0|0|0|0|0|0|0|0|0|0|0|0|0|0|0|0|0|0|0

Message: CLEAR|

Message: RECT|1|9.2|10|15|15

Message: INPUT|0|32|0|32|0|20|0|22|0|0|0|0|0|0|0|0|1|0|0|-6.4|0|2.4|0|0.30621337890625|0|-0.62103271484375|0|0|0|0|0|0|0|0|0|0|0|0|0|0|0|0|0|0|0|0|0|0|0|0|0|0|0|0|0|0|0|0|0|0|0|0|0|0

Message: OUTPUT|0|0|0|0|0|0|1|0|0|0|0|0|0|0|0|0|0|0|0|0|0|92|0|0|0|0|0|0|0|0|0|0|0|0|0|0|0|0|0|0|0|0|0|0|0|0|0|0|0|0|0|0|0|0|0|0|0|0|0|0|0|0|0|0

Message: CLEAR|

Message: RECT|1|9.3|10|15|15

Message: INPUT|0|32|0|32|0|20|0|22|0|0|0|0|0|0|0|0|1|0|0|-6.2|0|2.6|0|-0.2894287109375|0|-1.0054321289062|0|0|0|0|0|0|0|0|0|0|0|0|0|0|0|0|0|0|0|0|0|0|0|0|0|0|0|0|0|0|0|0|0|0|0|0|0|0

Message: OUTPUT|0|0|0|0|0|0|1|0|0|0|0|0|0|0|0|0|0|0|0|0|0|93|0|0|0|0|0|0|0|0|0|0|0|0|0|0|0|0|0|0|0|0|0|0|0|0|0|0|0|0|0|0|0|0|0|0|0|0|0|0|0|0|0|0

Message: CLEAR|

Message: RECT|1|9.4|10|15|15

Message: INPUT|0|32|0|32|0|20|0|22|0|0|0|0|0|0|0|0|1|0|0|-6.0|0|2.8|0|0.053192138671875|0|-1.4911804199219|0|0|0|0|0|0|0|0|0|0|0|0|0|0|0|0|0|0|0|0|0|0|0|0|0|0|0|0|0|0|0|0|0|0|0|0|0|0

Message: OUTPUT|0|0|0|0|0|0|1|0|0|0|0|0|0|0|0|0|0|0|0|0|0|94|0|0|0|0|0|0|0|0|0|0|0|0|0|0|0|0|0|0|0|0|0|0|0|0|0|0|0|0|0|0|0|0|0|0|0|0|0|0|0|0|0|0

Message: CLEAR|

Message: RECT|1|9.5|10|15|15

Message: INPUT|0|32|0|32|0|20|0|22|0|0|0|0|0|0|0|0|1|0|0|-5.8|0|3.0|0|-0.38623046875|0|-1.5366821289062|0|0|0|0|0|0|0|0|0|0|0|0|0|0|0|0|0|0|0|0|0|0|0|0|0|0|0|0|0|0|0|0|0|0|0|0|0|0

Message: OUTPUT|0|0|0|0|0|0|1|0|0|0|0|0|0|0|0|0|0|0|0|0|0|95|0|0|0|0|0|0|0|0|0|0|0|0|0|0|0|0|0|0|0|0|0|0|0|0|0|0|0|0|0|0|0|0|0|0|0|0|0|0|0|0|0|0

Message: CLEAR|

Message: RECT|1|9.6|10|15|15

Message: INPUT|0|32|0|32|0|20|0|22|0|0|0|0|0|0|0|0|1|0|0|-5.6|0|3.2|0|0.252197265625|0|-1.3505554199219|0|0|0|0|0|0|0|0|0|0|0|0|0|0|0|0|0|0|0|0|0|0|0|0|0|0|0|0|0|0|0|0|0|0|0|0|0|0

Message: OUTPUT|0|0|0|0|0|0|1|0|0|0|0|0|0|0|0|0|0|0|0|0|0|96|0|0|0|0|0|0|0|0|0|0|0|0|0|0|0|0|0|0|0|0|0|0|0|0|0|0|0|0|0|0|0|0|0|0|0|0|0|0|0|0|0|0

Message: CLEAR|

Message: RECT|1|9.7|10|15|15

Message: INPUT|0|32|0|32|0|20|0|22|0|0|0|0|0|0|0|0|1|0|0|-5.4|0|3.4|0|0.043426513671875|0|-1.7766723632812|0|0|0|0|0|0|0|0|0|0|0|0|0|0|0|0|0|0|0|0|0|0|0|0|0|0|0|0|0|0|0|0|0|0|0|0|0|0

Message: OUTPUT|0|0|0|0|0|0|1|0|0|0|0|0|0|0|0|0|0|0|0|0|0|97|0|0|0|0|0|0|0|0|0|0|0|0|0|0|0|0|0|0|0|0|0|0|0|0|0|0|0|0|0|0|0|0|0|0|0|0|0|0|0|0|0|0

Message: CLEAR|

Message: RECT|1|9.8|10|15|15

Message: INPUT|0|32|0|32|0|20|0|22|0|0|0|0|0|0|0|0|1|0|0|-5.2|0|3.6|0|-0.06329345703125|0|-2.0747375488281|0|0|0|0|0|0|0|0|0|0|0|0|0|0|0|0|0|0|0|0|0|0|0|0|0|0|0|0|0|0|0|0|0|0|0|0|0|0

Message: OUTPUT|0|0|0|0|0|0|1|0|0|0|0|0|0|0|0|0|0|0|0|0|0|98|0|0|0|0|0|0|0|0|0|0|0|0|0|0|0|0|0|0|0|0|0|0|0|0|0|0|0|0|0|0|0|0|0|0|0|0|0|0|0|0|0|0

Message: CLEAR|

Message: RECT|1|9.9|10|15|15

Message: INPUT|0|32|0|32|0|20|0|22|0|0|0|0|0|0|0|0|1|0|0|-5.0|0|3.8|0|0.19619750976562|0|-2.2843933105469|0|0|0|0|0|0|0|0|0|0|0|0|0|0|0|0|0|0|0|0|0|0|0|0|0|0|0|0|0|0|0|0|0|0|0|0|0|0

Message: OUTPUT|0|0|0|0|0|0|1|0|0|0|0|0|0|0|0|0|0|0|0|0|0|99|0|0|0|0|0|0|0|0|0|0|0|0|0|0|0|0|0|0|0|0|0|0|0|0|0|0|0|0|0|0|0|0|0|0|0|0|0|0|0|0|0|0

Message: CLEAR|

Message: RECT|1|10.0|10|15|15

Message: INPUT|0|32|0|32|0|20|0|22|0|0|0|0|0|0|0|0|1|0|0|-4.8|0|4.0|0|-0.063323974609375|0|-2.5519714355469|0|0|0|0|0|0|0|0|0|0|0|0|0|0|0|0|0|0|0|0|0|0|0|0|0|0|0|0|0|0|0|0|0|0|0|0|0|0

Message: OUTPUT|0|0|0|0|0|0|1|0|0|0|0|0|0|0|0|0|0|0|0|0|0|100|0|0|0|0|0|0|0|0|0|0|0|0|0|0|0|0|0|0|0|0|0|0|0|0|0|0|0|0|0|0|0|0|0|0|0|0|0|0|0|0|0|0

Message: CLEAR|

Message: RECT|1|10.1|10|15|15

Message: INPUT|0|32|0|32|0|20|0|22|0|0|0|0|0|0|0|0|1|0|0|-4.6|0|4.2|0|0.077850341796875|0|-2.5194091796875|0|0|0|0|0|0|0|0|0|0|0|0|0|0|0|0|0|0|0|0|0|0|0|0|0|0|0|0|0|0|0|0|0|0|0|0|0|0

Message: OUTPUT|0|0|0|0|0|0|1|0|0|0|0|0|0|0|0|0|0|0|0|0|0|101|0|0|0|0|0|0|0|0|0|0|0|0|0|0|0|0|0|0|0|0|0|0|0|0|0|0|0|0|0|0|0|0|0|0|0|0|0|0|0|0|0|0

Message: CLEAR|

Message: RECT|1|10.2|10|15|15

Caught Parsing Exception: System.NullReferenceException: Object reference not set to an instance of an object.
   at STORMWORKS_Simulator.SocketConnection.OnLineRead(String line) in C:\personal\STORMWORKS_VSCodeExtension\STORMWORKS_Simulator\STORMWORKS_Simulator\src\SocketConnection.cs:line 149
Message: INPUT|0|32|0|32|0|20|0|22|0|0|0|0|0|0|0|0|1|0|0|-4.4|0|4.4|0|0.128662109375|0|-2.8592224121094|0|0|0|0|0|0|0|0|0|0|0|0|0|0|0|0|0|0|0|0|0|0|0|0|0|0|0|0|0|0|0|0|0|0|0|0|0|0

Caught Parsing Exception: System.NullReferenceException: Object reference not set to an instance of an object.
   at STORMWORKS_Simulator.SocketConnection.OnLineRead(String line) in C:\personal\STORMWORKS_VSCodeExtension\STORMWORKS_Simulator\STORMWORKS_Simulator\src\SocketConnection.cs:line 149
Message: OUTPUT|0|0|0|0|0|0|1|0|0|0|0|0|0|0|0|0|0|0|0|0|0|102|0|0|0|0|0|0|0|0|0|0|0|0|0|0|0|0|0|0|0|0|0|0|0|0|0|0|0|0|0|0|0|0|0|0|0|0|0|0|0|0|0|0

Caught Parsing Exception: System.NullReferenceException: Object reference not set to an instance of an object.
   at STORMWORKS_Simulator.SocketConnection.OnLineRead(String line) in C:\personal\STORMWORKS_VSCodeExtension\STORMWORKS_Simulator\STORMWORKS_Simulator\src\SocketConnection.cs:line 149
Message: CLEAR|

Caught Parsing Exception: System.NullReferenceException: Object reference not set to an instance of an object.
   at STORMWORKS_Simulator.SocketConnection.OnLineRead(String line) in C:\personal\STORMWORKS_VSCodeExtension\STORMWORKS_Simulator\STORMWORKS_Simulator\src\SocketConnection.cs:line 149
Message: RECT|1|10.3|10|15|15

Caught Parsing Exception: System.NullReferenceException: Object reference not set to an instance of an object.
   at STORMWORKS_Simulator.SocketConnection.OnLineRead(String line) in C:\personal\STORMWORKS_VSCodeExtension\STORMWORKS_Simulator\STORMWORKS_Simulator\src\SocketConnection.cs:line 149
Message: INPUT|0|32|0|32|0|20|0|22|0|0|0|0|0|0|0|0|1|0|0|-4.2|0|4.6|0|0.004119873046875|0|-2.3962097167969|0|0|0|0|0|0|0|0|0|0|0|0|0|0|0|0|0|0|0|0|0|0|0|0|0|0|0|0|0|0|0|0|0|0|0|0|0|0

Caught Parsing Exception: System.NullReferenceException: Object reference not set to an instance of an object.
   at STORMWORKS_Simulator.SocketConnection.OnLineRead(String line) in C:\personal\STORMWORKS_VSCodeExtension\STORMWORKS_Simulator\STORMWORKS_Simulator\src\SocketConnection.cs:line 149
Message: OUTPUT|0|0|0|0|0|0|1|0|0|0|0|0|0|0|0|0|0|0|0|0|0|103|0|0|0|0|0|0|0|0|0|0|0|0|0|0|0|0|0|0|0|0|0|0|0|0|0|0|0|0|0|0|0|0|0|0|0|0|0|0|0|0|0|0

Caught Parsing Exception: System.NullReferenceException: Object reference not set to an instance of an object.
   at STORMWORKS_Simulator.SocketConnection.OnLineRead(String line) in C:\personal\STORMWORKS_VSCodeExtension\STORMWORKS_Simulator\STORMWORKS_Simulator\src\SocketConnection.cs:line 149
Message: CLEAR|

Caught Parsing Exception: System.NullReferenceException: Object reference not set to an instance of an object.
   at STORMWORKS_Simulator.SocketConnection.OnLineRead(String line) in C:\personal\STORMWORKS_VSCodeExtension\STORMWORKS_Simulator\STORMWORKS_Simulator\src\SocketConnection.cs:line 149
Message: RECT|1|10.4|10|15|15

Caught Parsing Exception: System.NullReferenceException: Object reference not set to an instance of an object.
   at STORMWORKS_Simulator.SocketConnection.OnLineRead(String line) in C:\personal\STORMWORKS_VSCodeExtension\STORMWORKS_Simulator\STORMWORKS_Simulator\src\SocketConnection.cs:line 149
Message: INPUT|0|32|0|32|0|20|0|22|0|0|0|0|0|0|0|0|1|0|0|-4.0|0|4.8|0|0.19573974609375|0|-1.971435546875|0|0|0|0|0|0|0|0|0|0|0|0|0|0|0|0|0|0|0|0|0|0|0|0|0|0|0|0|0|0|0|0|0|0|0|0|0|0

Caught Parsing Exception: System.NullReferenceException: Object reference not set to an instance of an object.
   at STORMWORKS_Simulator.SocketConnection.OnLineRead(String line) in C:\personal\STORMWORKS_VSCodeExtension\STORMWORKS_Simulator\STORMWORKS_Simulator\src\SocketConnection.cs:line 149
Message: OUTPUT|0|0|0|0|0|0|1|0|0|0|0|0|0|0|0|0|0|0|0|0|0|104|0|0|0|0|0|0|0|0|0|0|0|0|0|0|0|0|0|0|0|0|0|0|0|0|0|0|0|0|0|0|0|0|0|0|0|0|0|0|0|0|0|0

Caught Parsing Exception: System.NullReferenceException: Object reference not set to an instance of an object.
   at STORMWORKS_Simulator.SocketConnection.OnLineRead(String line) in C:\personal\STORMWORKS_VSCodeExtension\STORMWORKS_Simulator\STORMWORKS_Simulator\src\SocketConnection.cs:line 149
Message: CLEAR|

Caught Parsing Exception: System.NullReferenceException: Object reference not set to an instance of an object.
   at STORMWORKS_Simulator.SocketConnection.OnLineRead(String line) in C:\personal\STORMWORKS_VSCodeExtension\STORMWORKS_Simulator\STORMWORKS_Simulator\src\SocketConnection.cs:line 149
Message: RECT|1|10.5|10|15|15

Caught Parsing Exception: System.NullReferenceException: Object reference not set to an instance of an object.
   at STORMWORKS_Simulator.SocketConnection.OnLineRead(String line) in C:\personal\STORMWORKS_VSCodeExtension\STORMWORKS_Simulator\STORMWORKS_Simulator\src\SocketConnection.cs:line 149
Message: INPUT|0|32|0|32|0|20|0|22|0|0|0|0|0|0|0|0|1|0|0|-3.8|0|5.0|0|-0.31005859375|0|-2.135498046875|0|0|0|0|0|0|0|0|0|0|0|0|0|0|0|0|0|0|0|0|0|0|0|0|0|0|0|0|0|0|0|0|0|0|0|0|0|0

Caught Parsing Exception: System.NullReferenceException: Object reference not set to an instance of an object.
   at STORMWORKS_Simulator.SocketConnection.OnLineRead(String line) in C:\personal\STORMWORKS_VSCodeExtension\STORMWORKS_Simulator\STORMWORKS_Simulator\src\SocketConnection.cs:line 149
Message: OUTPUT|0|0|0|0|0|0|1|0|0|0|0|0|0|0|0|0|0|0|0|0|0|105|0|0|0|0|0|0|0|0|0|0|0|0|0|0|0|0|0|0|0|0|0|0|0|0|0|0|0|0|0|0|0|0|0|0|0|0|0|0|0|0|0|0

Caught Parsing Exception: System.NullReferenceException: Object reference not set to an instance of an object.
   at STORMWORKS_Simulator.SocketConnection.OnLineRead(String line) in C:\personal\STORMWORKS_VSCodeExtension\STORMWORKS_Simulator\STORMWORKS_Simulator\src\SocketConnection.cs:line 149
Message: CLEAR|

Caught Parsing Exception: System.NullReferenceException: Object reference not set to an instance of an object.
   at STORMWORKS_Simulator.SocketConnection.OnLineRead(String line) in C:\personal\STORMWORKS_VSCodeExtension\STORMWORKS_Simulator\STORMWORKS_Simulator\src\SocketConnection.cs:line 149
Message: RECT|1|10.6|10|15|15

Caught Parsing Exception: System.NullReferenceException: Object reference not set to an instance of an object.
   at STORMWORKS_Simulator.SocketConnection.OnLineRead(String line) in C:\personal\STORMWORKS_VSCodeExtension\STORMWORKS_Simulator\STORMWORKS_Simulator\src\SocketConnection.cs:line 149
